! 0 0 6 16
" 10 0 17 16
# 21 0 30 17
$ 34 0 43 17
% 47 0 60 16
& 64 0 76 16
' 80 0 84 16
( 88 0 93 19
) 97 0 102 19
* 106 0 115 16
+ 119 0 128 18
, 132 0 136 29
- 140 0 146 22
. 150 0 155 26
/ 159 0 166 17
0 170 0 179 17
1 183 0 192 17
2 196 0 205 17
3 209 0 218 17
4 222 0 231 17
5 235 0 244 17
6 248 0 257 17
7 261 0 270 17
8 274 0 283 17
9 287 0 296 17
: 300 0 305 20
; 309 0 314 23
< 318 0 327 18
= 331 0 340 20
> 344 0 353 18
? 357 0 365 16
@ 369 0 385 19
A 389 0 400 17
B 404 0 414 17
C 418 0 428 17
D 432 0 443 17
E 447 0 456 17
F 460 0 468 17
G 472 0 483 17
H 487 0 498 17
I 502 0 507 17
J 511 0 517 17
K 521 0 530 17
L 534 0 542 17
M 546 0 561 17
N 565 0 577 17
O 581 0 593 17
P 597 0 606 17
Q 610 0 623 19
R 627 0 637 17
S 641 0 649 17
T 653 0 662 17
U 666 0 678 17
V 682 0 692 17
W 696 0 712 17
X 716 0 725 17
Y 729 0 738 17
Z 742 0 751 17
[ 755 0 761 19
\ 765 0 772 17
] 776 0 782 19
^ 786 0 795 17
_ 798 0 808 31
` 812 0 817 16
a 821 0 830 20
b 834 0 843 16
c 847 0 855 20
d 859 0 868 16
e 872 0 881 20
f 885 0 891 16
g 895 0 903 23
h 907 0 916 16
i 920 0 924 16
j 927 0 932 19
k 936 0 944 16
l 948 0 952 16
m 956 0 970 20
n 974 0 983 20
o 987 0 997 20
p 1001 0 1010 23
q 1014 0 1023 23
r 1027 0 1033 20
s 1037 0 1044 20
t 1048 0 1054 18
u 1058 0 1067 20
v 1071 0 1079 20
w 1083 0 1096 20
x 1100 0 1108 20
y 1112 0 1120 23
z 1124 0 1131 20
{ 1135 0 1141 19
| 1145 0 1153 18
} 1157 0 1163 19
~ 1167 0 1176 17
